60.00 125.50
59.50 125.00
59.00 124.50
58.50 124.00
58.00 123.50
57.50 123.00
57.00 122.50
56.50 122.00
56.00 121.50
55.50 121.00
55.00 120.50
54.50 119.50
54.00 119.00
53.50 118.00
53.00 117.00
52.50 116.50
52.00 116.00
51.50 115.50
51.00 115.00
50.50 114.50
50.00 114.00
49.50 114.00
49.00 114.00
48.50 113.50
48.00 113.00
47.50 113.00
47.00 112.50
46.50 112.50
46.00 112.50
45.50 112.50
45.00 112.00
44.50 111.50
44.00 110.50
43.50 110.00
43.00 109.50
42.50 109.00
42.00 108.50
41.50 107.50
41.00 107.00
40.50 107.00
40.00 107.50
39.50 107.50
39.00 107.00
38.50 107.50
38.00 108.00
37.50 108.00
37.00 106.50
36.50 106.00
36.00 105.50
35.50 105.50
35.00 105.50
34.50 105.50
34.00 105.50
33.50 105.50
33.00 105.50
32.50 105.50
32.00 105.50
31.50 105.50
31.00 105.50
30.50 105.50
30.00 105.50
29.50 105.50
29.00 105.50
28.50 105.50
28.00 105.50
27.50 105.50
27.00 105.50
26.50 105.50
26.00 105.50
25.50 105.50
25.00 105.50
