56.00 130.00
56.00 130.50
56.00 131.00
56.00 131.50
56.50 132.00
57.00 132.50
57.50 133.00
58.00 133.50
58.00 134.00
58.50 134.50
59.00 135.00
59.50 135.50
60.50 136.00
60.50 136.50
60.50 137.00
61.00 137.50
61.00 138.00
61.00 138.50
61.00 139.00
61.50 139.50
61.50 140.00
61.50 140.50
61.50 141.00
61.50 141.50
61.50 142.00
61.50 142.50
61.50 143.00
61.50 143.50
61.50 144.00
61.50 144.50
62.00 145.00
62.00 145.50
62.00 146.00
62.00 146.50
62.00 147.00
62.00 147.50
62.00 148.00
62.00 148.50
62.00 149.00
62.00 149.50
62.00 150.00
62.00 150.50
62.00 151.00
62.00 151.50
62.00 152.00
61.50 152.50
60.50 153.00
60.00 153.50
59.50 154.00
59.00 154.50
58.50 155.00
58.00 155.50
58.00 156.00
57.50 156.50
57.50 157.00
57.50 157.50
57.00 158.00
57.00 158.50
56.50 159.00
56.50 159.50
56.00 160.00
56.00 160.50
56.00 161.00
56.00 161.50
56.00 162.00
56.00 162.50
55.50 163.00
55.50 163.50
55.00 164.00
55.00 164.50
55.00 165.00