55.50 130.00
55.50 130.50
55.50 131.00
55.50 131.50
55.50 132.00
56.00 132.50
56.50 133.00
57.00 133.50
57.50 134.00
58.00 134.50
58.50 135.00
59.00 135.50
59.50 136.00
59.50 136.50
59.50 137.00
59.50 137.50
60.00 138.00
60.00 138.50
60.00 139.00
60.00 139.50
60.00 140.00
60.00 140.50
60.00 141.00
60.50 141.50
60.50 142.00
60.50 142.50
60.50 143.00
60.50 143.50
60.50 144.00
61.00 144.50
61.00 145.00
61.00 145.50
61.00 146.00
61.00 146.50
61.00 147.00
60.50 147.50
60.50 148.00
60.00 148.50
60.00 149.00
60.00 149.50
60.00 150.00
59.50 150.50
59.50 151.00
60.50 151.50
60.50 152.00
60.00 152.50
60.00 153.00
59.00 153.50
58.50 154.00
58.00 154.50
58.00 155.00
57.50 155.50
57.50 156.00
57.00 156.50
57.00 157.00
57.00 157.50
56.50 158.00
56.50 158.50
56.00 159.00
56.00 159.50
55.50 160.00
55.50 160.50
55.50 161.00
55.50 161.50
55.50 162.00
55.50 162.50
55.00 163.00
55.00 163.50
54.50 164.00
54.50 164.50
54.50 165.00