55.0 130.0
54.5 129.5
54.0 129.0
53.5 128.5
53.0 128.0
52.5 127.0
52.0 126.5
51.5 125.5
51.0 124.5
50.5 124.0
50.0 123.0
49.5 122.0
49.0 121.5
48.5 121.5
48.0 121.5
47.5 121.5
47.0 122.0
46.5 122.0
46.0 122.0
45.5 122.0
45.0 122.0
44.5 122.5
44.0 122.5
43.5 122.5
43.0 122.5
42.5 122.5
42.0 122.5
41.5 122.5
41.0 122.5
40.5 122.0
40.0 121.5
39.5 121.0
39.0 121.0
38.5 120.5
38.0 120.5
37.5 120.0
37.0 119.0
36.5 119.0
36.0 119.0
35.5 119.0
35.0 119.0
34.5 118.5
34.0 117.5
33.5 117.0
33.0 116.5
32.5 116.5
32.0 116.5
31.5 116.0
31.0 116.0
30.5 115.5
30.0 115.0
29.5 114.5
29.0 114.0
28.5 114.0
28.0 113.5
27.5 113.0
27.0 113.0
26.5 112.5
26.0 111.5
25.5 111.5
25.0 111.5