55.0 126.5
54.5 126.0
54.0 125.5
53.5 125.0
53.0 124.5
52.5 123.5
52.0 122.5
51.5 121.5
51.0 121.0
50.5 120.5
50.0 120.0
49.5 120.0
49.0 120.0
48.5 120.0
48.0 120.0
47.5 120.0
47.0 120.5
46.5 120.5
46.0 121.0
45.5 121.0
45.0 121.0
44.5 121.0
44.0 121.0
43.5 121.5
43.0 121.5
42.5 121.5
42.0 121.0
41.5 121.0
41.0 120.5
40.5 120.0
40.0 119.5
39.5 119.0
39.0 118.5
38.5 118.0
38.0 117.5
37.5 117.5
37.0 117.0
36.5 117.0
36.0 116.5
35.5 116.0
35.0 115.5
34.5 115.0
34.0 113.5
33.5 112.5
33.0 112.0
32.5 112.0
32.0 112.0
31.5 111.5
31.0 111.5
30.5 111.0
30.0 110.5
29.5 110.5
29.0 110.0
28.5 110.0
28.0 109.5
27.5 109.5
27.0 109.0
26.5 109.0
26.0 108.5
25.5 108.5
25.0 108.0
